[gd_scene load_steps=10 format=2]

[ext_resource path="res://blender/bobembu.gltf" type="PackedScene" id=1]
[ext_resource path="res://scenes/rocket_fire.tscn" type="PackedScene" id=2]

[sub_resource type="AnimationNodeTimeScale" id=1]

[sub_resource type="AnimationNodeAnimation" id=2]
animation = "hover-loop"

[sub_resource type="AnimationNodeAnimation" id=3]
animation = "idle-loop"

[sub_resource type="AnimationNodeAnimation" id=4]
animation = "throw"

[sub_resource type="AnimationNodeBlend2" id=5]

[sub_resource type="AnimationNodeOneShot" id=6]
filters = [ "Armature/Skeleton:arm_1_r", "Armature/Skeleton:spine_2", "Armature/Skeleton:spine_3" ]

[sub_resource type="AnimationNodeBlendTree" id=7]
graph_offset = Vector2( -178.856, -255.2 )
nodes/TimeScale/node = SubResource( 1 )
nodes/TimeScale/position = Vector2( 848, 96 )
nodes/ani_hover/node = SubResource( 2 )
nodes/ani_hover/position = Vector2( 480, -32 )
nodes/ani_idle/node = SubResource( 3 )
nodes/ani_idle/position = Vector2( 528, -160 )
nodes/ani_throw/node = SubResource( 4 )
nodes/ani_throw/position = Vector2( 480, 128 )
nodes/hover/node = SubResource( 5 )
nodes/hover/position = Vector2( 864, -160 )
nodes/output/position = Vector2( 1424, -80 )
nodes/throwing/node = SubResource( 6 )
nodes/throwing/position = Vector2( 1200, -80 )
node_connections = [ "output", 0, "throwing", "hover", 0, "ani_idle", "hover", 1, "ani_hover", "throwing", 0, "hover", "throwing", 1, "TimeScale", "TimeScale", 0, "ani_throw" ]

[node name="bobembu" instance=ExtResource( 1 )]

[node name="BoneAttachment" type="BoneAttachment" parent="Armature/Skeleton" index="3"]
transform = Transform( -0.992239, 0.0478927, 0.114749, 7.05453e-08, 0.922847, -0.385167, -0.124342, -0.382178, -0.915685, -9.37608e-15, 1.90076, 0.110273 )
bone_name = "spine_3"

[node name="Particles_left" parent="Armature/Skeleton/BoneAttachment" index="0" instance=ExtResource( 2 )]
transform = Transform( 0.982229, -0.0152236, -0.187073, 0.0861599, 0.922055, 0.377349, 0.166747, -0.386761, 0.90698, -0.30662, -0.336325, 0.692741 )

[node name="Particles_right" parent="Armature/Skeleton/BoneAttachment" index="1" instance=ExtResource( 2 )]
transform = Transform( 0.982229, -0.0152236, -0.187073, 0.0861599, 0.922055, 0.377349, 0.166747, -0.386761, 0.90698, 0.310278, -0.361327, 0.632838 )

[node name="AnimationTree" type="AnimationTree" parent="." index="2"]
tree_root = SubResource( 7 )
anim_player = NodePath("../AnimationPlayer")
active = true
parameters/TimeScale/scale = 4.0
parameters/hover/blend_amount = 0.0
parameters/throwing/active = false
