[gd_scene load_steps=13 format=2]

[ext_resource path="res://blender/bobembu.gltf" type="PackedScene" id=1]
[ext_resource path="res://scenes/rocket_fire.tscn" type="PackedScene" id=2]

[sub_resource type="SpatialMaterial" id=1]
albedo_color = Color( 0.631373, 0.364706, 0.215686, 1 )

[sub_resource type="SpatialMaterial" id=2]
albedo_color = Color( 1, 0.494118, 0, 1 )

[sub_resource type="SpatialMaterial" id=10]
albedo_color = Color( 1, 0.494118, 0, 1 )

[sub_resource type="AnimationNodeTimeScale" id=3]

[sub_resource type="AnimationNodeAnimation" id=4]
animation = "hover-loop"

[sub_resource type="AnimationNodeAnimation" id=5]
animation = "idle-loop"

[sub_resource type="AnimationNodeAnimation" id=6]
animation = "throw"

[sub_resource type="AnimationNodeBlend2" id=7]

[sub_resource type="AnimationNodeOneShot" id=8]
filters = [ "Armature/Skeleton:arm_1_r", "Armature/Skeleton:spine_2", "Armature/Skeleton:spine_3" ]

[sub_resource type="AnimationNodeBlendTree" id=9]
graph_offset = Vector2( -178.856, -255.2 )
nodes/TimeScale/node = SubResource( 3 )
nodes/TimeScale/position = Vector2( 848, 96 )
nodes/ani_hover/node = SubResource( 4 )
nodes/ani_hover/position = Vector2( 480, -32 )
nodes/ani_idle/node = SubResource( 5 )
nodes/ani_idle/position = Vector2( 528, -160 )
nodes/ani_throw/node = SubResource( 6 )
nodes/ani_throw/position = Vector2( 480, 128 )
nodes/hover/node = SubResource( 7 )
nodes/hover/position = Vector2( 864, -160 )
nodes/output/position = Vector2( 1424, -80 )
nodes/throwing/node = SubResource( 8 )
nodes/throwing/position = Vector2( 1200, -80 )
node_connections = [ "output", 0, "throwing", "hover", 0, "ani_idle", "hover", 1, "ani_hover", "TimeScale", 0, "ani_throw", "throwing", 0, "hover", "throwing", 1, "TimeScale" ]

[node name="bobembu" instance=ExtResource( 1 )]

[node name="Skeleton" parent="Armature" index="0"]
bones/2/bound_children = [ NodePath("BoneAttachment") ]

[node name="bobembu" parent="Armature/Skeleton" index="0"]
material/0 = SubResource( 1 )

[node name="helm" parent="Armature/Skeleton" index="1"]
material/0 = SubResource( 2 )

[node name="jetpack" parent="Armature/Skeleton" index="2"]
material/0 = SubResource( 10 )

[node name="BoneAttachment" type="BoneAttachment" parent="Armature/Skeleton" index="3"]
transform = Transform( -0.999377, -0.0135981, -0.0325807, 5.3498e-08, 0.922847, -0.385167, 0.0353045, -0.384927, -0.922272, 4.06439e-15, 1.90076, 0.110273 )
bone_name = "spine_3"

[node name="Particles_left" parent="Armature/Skeleton/BoneAttachment" index="0" instance=ExtResource( 2 )]
transform = Transform( 0.982229, -0.0152236, -0.187073, 0.0861599, 0.922055, 0.377349, 0.166747, -0.386761, 0.90698, -0.30662, -0.336325, 0.692741 )

[node name="Particles_right" parent="Armature/Skeleton/BoneAttachment" index="1" instance=ExtResource( 2 )]
transform = Transform( 0.982229, -0.0152236, -0.187073, 0.0861599, 0.922055, 0.377349, 0.166747, -0.386761, 0.90698, 0.310278, -0.361327, 0.632838 )

[node name="AnimationTree" type="AnimationTree" parent="." index="2"]
tree_root = SubResource( 9 )
anim_player = NodePath("../AnimationPlayer")
active = true
parameters/TimeScale/scale = 4.0
parameters/hover/blend_amount = 0.0
parameters/throwing/active = false
